1.0 0.0
0.9999075648273915 1.8580151310837264e-5
0.999629436083413 7.371073141865359e-5
0.9991644442287311 0.00016442261644766882
0.9985115096289922 0.00028967518032637556
0.9976696460767546 0.00044835760700221306
0.9966379642718576 0.0006392904062070135
0.9954156752480148 0.0008612271343090184
0.9940020937330994 0.001112856321003067
0.9923966414303266 0.001392803601764975
0.9905988502073296 0.001699634055136276
0.9886083651799819 0.0020318547430117676
0.9864249476777333 0.0023879174511811513
0.9840484780772157 0.0027662216264337396
0.981478958490939 0.00316511750557189
0.9787165152980162 0.003582909430707651
0.9757614015040885 0.0040178593442382945
0.9726139989178879 0.004468190455918929
0.9692748201322624 0.004932091073480869
0.9657445102979257 0.005407718587290655
0.9620238486787307 0.005893203598610481
0.9581137499778702 0.00638665418011993
0.9540152654251014 0.006886160256489998
0.9497295836158469 0.0073897980919794964
0.9452580310938697 0.007895634871252522
0.9406020726701184 0.008401733358901134
0.9357633114713104 0.00890615662251102
0.930743488712856 0.009406972803529102
0.9255444831918038 0.009902259919692838
0.9201683104966245 0.010390110682362941
0.9146171219318177 0.01086863731177142
0.9088932031565373 0.01133597633295796
0.9029989725376599 0.011790293335023062
0.896936979218963 0.012229787676282494
0.8907099009093471 0.012652697117957586
0.8843205413942747 0.013057302369194595
0.8777718277758649 0.013441931526457056
0.8710668074482899 0.013804964390693581
0.8642086448163318 0.014144836646135904
0.857200617766118 0.014460043885133118
0.8500461138981678 0.014749145464070206
0.8427486265339532 0.015010768176152153
0.8353117505081781 0.01524360972764936
0.8277391777599167 0.0154464420050956
0.8200346927366083 0.015618114121894181
0.8122021676256947 0.015757555233819234
0.8042455574293705 0.015863777113987405
0.7961688948985224 0.015935876479010427
0.7879762853424435 0.015973037059220256
0.7796719013313123 0.015974531407064473
0.7712599773087452 0.01593972243900684
0.7627448041319344 0.01586806470751269
0.7541307235569946 0.015759105400952662
0.7454221226871476 0.01561248507050809
0.7366234284012894 0.015427938084396634
0.7277391017802907 0.015205292810952703
0.7187736325481064 0.014944471533285581
0.7097315335443973 0.014645490099385167
0.7006173352449069 0.014308457312652597
0.6914355803453147 0.013933574068888493
0.682190818423664 0.013521132246767478
0.6728876006957889 0.013071513359765695
0.6635304748774249 0.012585186978375035
0.6541239801658986 0.012062708932236658
0.6446726423534404 0.01150471930254732
0.6351809690832844 0.010911940215741846
0.6256534452588102 0.010285173450017664
0.6160945286150232 0.009625297866757069
0.6065086454607296 0.008933266679309599
0.5969001865987714 0.008210104571921362
0.5872735034307233 0.007456904681845828
0.5776329042514634 0.0066748254578397745
0.5679826507380835 0.0058650874083397
0.5583269546366321 0.005028969752635706
0.5486699746492616 0.0041678069883058074
0.539015813523448 0.0032829853880600433
0.529368515344055 0.0023759394389582735
0.5197320630282023 0.0014481482367313498
0.5101103760220589 0.0005011318476352671
0.500507308197948 -0.00046355235007202096
0.4909266459494035 -0.0014443133333337443
0.4813721064811692 -0.0024395300989100907
0.471847336290487 -0.0034475553146036315
0.462355909835452 -0.004466718946793925
0.45290132838568914 -0.005495331854495145
0.4434870190501171 -0.006531689340708544
0.434116333976161 -0.007574074652390022
0.42479254971437885 -0.008620762420939525
0.4155188667421601 -0.009670022035694103
0.4062984091398598 -0.010720120943500586
0.39713422441252394 -0.01176932786802706
0.3880292834501588 -0.012815915943063355
0.3789864806193698 -0.013858165754636224
0.37000863397909406 -0.014894368287338058
0.36109848561308905 -0.01592282777082812
0.3522587020718321 -0.016941864423006756
0.3434918749164865 -0.017949817086895976
0.3348005213576502 -0.018945045758766516
0.32618708498166943 -0.01992593400554522
0.31765393655742186 -0.02089089127000332
0.30920337491659133 -0.021838355062675667
0.3008376279006187 -0.022766793039881623
0.2925588533676866 -0.023674704967622397
0.28436914025328797 -0.024560624571500156
0.27627050967813876 -0.02542312127315928
0.26826491609741854 -0.026260801814073018
0.2603542484855527 -0.027072311767802084
0.25254033155099187 -0.027856336942127767
0.24482492697570488 -0.02861160467271505
0.23720973467434134 -0.02933688501019069
0.22969639406829045 -0.03003099180272712
0.22228648537012244 -0.030692783676407362
0.2149815308741521 -0.03132116491580955
0.20778299624914004 -0.031915086247388626
0.20069229182939327 -0.032473545528358724
0.1937107739007901 -0.03299558834387913
0.18683974597849945 -0.033480308515436305
0.1800804600734241 -0.03392684852337693
0.17343411794462188 -0.034334399846607515
0.166901872335207 -0.03470220322250578
0.1604848281894548 -0.03502954883011828
0.15418404384905085 -0.03531577639972739
0.1480005322266438 -0.03556027525187257
0.14193526195505998 -0.03576248426889338
0.13598915851073262 -0.03592189180204736
0.13016310531008204 -0.03603803551721979
0.12445794477777049 -0.03611050218220535
0.11887447938590817 -0.03613892739849541
0.11341347266345672 -0.036122995280452395
0.1080756501752218 -0.03606243808469215
0.1028617004699693 -0.03595703579243443
0.09777227599732827 -0.0358066156475126
0.09280799399327251 -0.0356110516526602
0.0879694373340817 -0.03537026402662187
0.08325715535879659 -0.03508421862455424
0.07867166466027277 -0.03475292632410718
0.07421344984503853 -0.034376442379493014
0.06988296426223863 -0.03395486574577047
0.06568063070202276 -0.03348833837548893
0.06160684206381384 -0.032977044489754435
0.05766196199494195 -0.03242120982569854
0.053846325500200236 -0.03182110086224832
0.05016023952291713 -0.031177024026015153
0.046603983498193446 -0.030489324879039766
0.043177809878985535 -0.029758387290052164
0.03988194463575553 -0.028984632590828917
0.036716587730434805 -0.028168518719151478
0.03368191356547412 -0.027310539349798754
0.030778071408775004 -0.026411223014932074
0.02800518579531053 -0.025471132215161812
0.02536335690626233 -0.024490862522517295
0.022852660926503378 -0.02347104167647239
0.020473150381269307 -0.02241232867412014
0.018224854452858284 -0.021315412855523425
0.01610777927820634 -0.02018101298521249
0.014121908228177061 -0.01900987633074069
0.012267202169405819 -0.01780277773915674
0.010543599709529087 -0.016560518712197603
0.008951017426622484 -0.01528392648095655
0.007489350083662309 -0.01397385308073255
0.006158470828811924 -0.01263117442672089
0.004958231382322538 -0.011256789391161436
0.0038884622108254076 -0.009851618882518816
0.002948972689773521 -0.008416604927229322
0.0021395512547797983 -0.00695270975451197
0.0014599655425757267 -0.005460914884704442
0.0009099625223037608 -0.003942220221552488
0.0004892686178306387 -0.0023976431488474262
0.00019758982175680664 -0.0008282176317784398
3.4611801773447464e-5 0.000765006676664363
0.0 0.002380965323924471
9.339972591603104e-5 0.004018579940467014
0.0003144362434796468 0.005676759116457322
0.0006627148530045566 0.007354399272291668
0.0011378209683499754 0.009050385522760109
0.0017393201899516435 0.01076359253464216
0.002466758374207876 0.012492885377554124
0.0033196616997097535 0.014237120367882022
0.004297536730787252 0.015995145905651965
0.005399870478820641 0.017765803304201768
0.006626130461747382 0.01954792761253355
0.007975764762176407 0.02134034843023666
0.00944820208450129 0.023141890714883945
0.011042851811380266 0.024951375581813685
0.01275910405994306 0.026767621096218663
0.014596329738052055 0.028589443057473966
0.016553880600938004 0.03041565577564153
0.018631089308506644 0.03224507284009802
0.020827269483596075 0.0340765078802375
0.02314171577144922 0.035908775318208394
0.025573703900644913 0.037740691113647216
0.02812249074571919 0.03957107350037753
0.030787314391687467 0.04139874371504658
0.033567394200664714 0.04322252671767513
0.03646193088076623 0.045041251904099674
0.039470106557452825 0.04685375381028756
0.042591084847472226 0.04865887280851056
0.04582401093553311 0.05045545579536027
0.04916801165383339 0.05224235687159391
0.05262219556455059 0.05401843801379714
0.05618565304539059 0.055782569737853414
0.05985745637827261 0.05753363175420887
0.06363665984122237 0.05927051361492092
0.06752229980352795 0.06099211535248092
0.07151339482419998 0.06269734811039783
0.07560894575377115 0.06438513476553222
0.07980793583945181 0.066054410542166
0.08410933083365231 0.06770412361779458
0.08851207910586738 0.06933323572062518
0.0930151117579117 0.07094072271876434
0.09761734274248061 0.07252557520107507
0.10231766898500191 0.07408679904968297
0.107114970508737 0.07562341600410837
0.11200811056307333 0.07713446421699777
0.11699593575494961 0.07861899880142864
0.12207727618333591 0.08007609236975435
0.12725094557669292 0.08150483556395802
0.1325157414333138 0.08290433757747735
0.13787044516445557 0.08427372666846178
0.14331382224014927 0.08561215066441792
0.1488446223375733 0.08691877745819858
0.15446157949187206 0.08819279549528394
0.16016341224928168 0.08943341425230139
0.16594882382243203 0.09063986470672816
0.171816502247674 0.09181139979771193
0.17776512054428592 0.09294729487794653
0.18379333687539318 0.09404684815653047
0.18989979471044358 0.0951093811327345
0.19608312298906047 0.09613423902059717
0.20234193628609815 0.09712079116426561
0.20867483497771838 0.09806843144399074
0.2150804054082946 0.09897657867268073
0.22155722005795328 0.09984467698291538
0.22810383771054846 0.10067219620431155
0.23471880362187053 0.10145863223113034
0.24140064968787306 0.10220350738000566
0.24814789461271122 0.10290637073767077
0.25495904407636755 0.10356679849855158
0.2618325909016465 0.10418439429208722
0.26876701522031443 0.10475878949963517
0.2757607846381491 0.105289643560806
0.28281235439867763 0.105776644269069
0.2899201675453573 0.1062195080564613
0.29708265508197096 0.10661798026722309
0.30429823613099416 0.10697183542017495
0.31156531808969473 0.10728087745964568
0.31888229678372265 0.10754493999474594
0.32624755661794824 0.10776388652677847
0.33365947072430574 0.10793761066456238
0.341116401106398 0.1080660363274422
0.3486166987806226 0.10814911793573843
0.356158703913574 0.10818684058838991
0.3637407459554862 0.10817922022752388
0.3713611437694737 0.10812630378968092
0.37901820575633904 0.10802816934340888
0.38671022997471255 0.1078849262129282
0.3944355042562966 0.10769671508756011
0.40219230631599256 0.10746370811659503
0.40997890385669 0.10718610898926641
0.4177935546685066 0.10686415299948167
0.4256345067222743 0.10649810709494992
0.4334999982570738 0.10608826991032878
0.4413882578616272 0.10563497178400456
0.4492975045493722 0.10513857475809704
0.4572259478270444 0.10459947256127546
0.46517178775661594 0.10401809057394928
0.47313321501044037 0.1033948857753867
0.48110841091947654 0.10273034667229652
0.4890955475144732 0.10202499320839482
0.4970927875600159 0.10127937665446249
0.505098284581352 0.10049407947838167
0.5131101828839322 0.09966971519462739
0.5211266175656242 0.09880692819267
0.5291457145215762 0.0979063935437336
0.5371655904417336 0.09696881678533673
0.5451843528010338 0.09599493368302589
0.5532000998423336 0.09498550996870038
0.5612109205521483 0.0939413410549082
0.5692148946293174 0.0928632517244823
0.5772100924467363 0.09175209579486814
0.5851945750063323 0.09060875575648439
0.5931663938875006 0.089434142384442
0.6011235911892449 0.08822919432293841
0.6090641994663185 0.08699487764162893
0.6169862416596946 0.08573218536327092
0.6248877310217446 0.08444213696192446
0.6327666710365443 0.08312577783098758
0.640621055335784 0.08178417872033654
0.6484488676107973 0.08041843514183898
0.656248081521294 0.07902966674250189
0.6640166606014173 0.07761901664452014
0.671752558163823 0.07618765075148734
0.6794537172025239 0.07473675702003924
0.6871180702953146 0.0732675446962037
0.6947435395066495 0.07178124351574047
0.702328036291921 0.07027910286776738
0.7098694614041485 0.06876239092098439
0.7173657048041631 0.0672323937118245
0.7248146455754455 0.06569041419388713
0.7322141518448518 0.0641377712480305
0.7395620807105363 0.06257579865253796
0.746856278178463 0.06100584401280207
0.7540945791089756 0.059429267650014765
0.7612748071749789 0.05784744144839869
0.7683947748333686 0.05626174766056209
0.7754522833114303 0.05467357767062033
0.7824451226100101 0.053084330714790275
0.7893710715253512 0.05149541255923053
0.7962278976915708 0.04990823413498042
0.8030133576458366 0.04832421012993216
0.8097251969183915 0.046744757537860865
0.8163611501496498 0.04517129416463694
0.8229189412366806 0.043605237091849845
0.82939628351146 0.04204800109818761
0.835790879953365 0.04050099703903681
0.8421004234384416 0.03896563018490196
0.84832259702806 0.03744329851937841
0.854455074299625 0.035935390997565084
0.8604955197220797 0.034443285765958065
0.866441589078982 0.032968348345033024
0.8722909299419928 0.031511929775899394
0.8780411821976418 0.030075364732593857
0.8836899786302745 0.02865996960177194
0.8892349455641053 0.027267040531760243
0.8946737035673052 0.025897851453139532
0.9000038682210616 0.02455365207324991
0.905223050956525 0.023235665847230982
0.9103288599625399 0.02194508792844912
0.9153189011670089 0.020683083101397624
0.9201907792946883 0.01945078370040703
0.9249420990041406 0.018249287517751355
0.9295704661064761 0.017079655704993344
0.9340734888684122 0.015942910671671594
0.9384487794020511 0.014840033985694327
0.942693955143626 0.013771964280068728
0.9468066404233036 0.012739595170857602
0.9507844681279325 0.011743773191518588
0.9546250814584245 0.010785295749039185
0.9583261357832087 0.009864909107536967
0.9618853005889472 0.008983306405241021
0.9653002615294143 0.008141125711013117
0.9685687225731291 0.00733894812679419
0.9716884082500057 0.006577295942581732
0.9746570659969174 0.0058566308507447895
0.9774724686016996 0.0051773522266702985
0.9801324167446996 0.00453979548290047
0.9826347416365586 0.00394423050406723
0.9849773077504521 0.0033908601700491517
0.987158015646546 0.002879818974871997
0.9891748048859241 0.0024111717489387592
0.9910256570307321 0.001984912492208239
0.9927085987267483 0.001600963325941551
0.994221704864051 0.001259173570598129
0.9955631018108754 0.0009593189573873307
0.9967309707152068 0.0007011009808652772
0.9977235508680541 0.00048414639980561745
0.998539143121782 0.00030800689336920624
0.9991761133562865 0.00017215887934542647
0.9996328959852218 7.600350093858672e-5
0.9999079974939101 1.886678822405673e-5
1.0 0.0